0 0.00000 0 1
5 0.26268 0.26340 -0.002722
10 0.31901 0.32007 -0.003313
15 0.32806 0.32907 -0.003070
20 0.31762 0.31839 -0.002426
25 0.29938 0.29989 -0.001731
30 0.27872 0.27905 -0.001185
35 0.25813 0.25832 -0.000742
40 0.23868 0.23877 -0.000387
45 0.22078 0.22081 -0.000130
50 0.20452 0.20450 0.000076
55 0.18984 0.18979 0.000219
60 0.17661 0.17655 0.000344
65 0.16470 0.16463 0.000445
70 0.15397 0.15388 0.000544
75 0.14426 0.14418 0.000565
80 0.13548 0.13540 0.000613
85 0.12752 0.12743 0.000674
90 0.12026 0.12018 0.000662
95 0.11365 0.11357 0.000672
100 0.10760 0.10752 0.000678