0 0.00000 0 1
5 0.12689 0.12475 0.017147
10 0.08250 0.08164 0.010581
15 0.05951 0.05893 0.009809
20 0.04532 0.04491 0.009146
25 0.03590 0.03560 0.008446
30 0.02930 0.02907 0.007776
35 0.02448 0.02431 0.007129
40 0.02084 0.02070 0.006595
45 0.01801 0.01790 0.006093
50 0.01577 0.01568 0.005705
55 0.01395 0.01388 0.005317
60 0.01246 0.01240 0.004951
65 0.01122 0.01116 0.004723
70 0.01016 0.01012 0.004443
75 0.00927 0.00923 0.004196
80 0.00849 0.00846 0.003989
85 0.00782 0.00779 0.003788
90 0.00723 0.00721 0.003620
95 0.00672 0.00669 0.003463
100 0.00626 0.00624 0.003315