0 0.00000 0.00000 0.00000
1 0.74926 0.75033 -0.00143
2 0.82158 0.82198 -0.00049
3 0.85402 0.85424 -0.00026
4 0.87345 0.87359 -0.00016
5 0.88674 0.88684 -0.00011
6 0.89656 0.89664 -0.00009
7 0.90421 0.90427 -0.00007
8 0.91038 0.91043 -0.00005
9 0.91549 0.91553 -0.00004
10 0.91981 0.91985 -0.00004
11 0.92354 0.92357 -0.00003
12 0.92678 0.92681 -0.00004
13 0.92965 0.92968 -0.00003
14 0.93221 0.93223 -0.00002
15 0.93450 0.93452 -0.00002
16 0.93658 0.93660 -0.00002
17 0.93847 0.93848 -0.00002
18 0.94020 0.94021 -0.00002
19 0.94179 0.94181 -0.00002
20 0.94326 0.94328 -0.00002
21 0.94463 0.94464 -0.00001
22 0.94590 0.94591 -0.00001
23 0.94709 0.94710 -0.00001
24 0.94820 0.94821 -0.00001
25 0.94925 0.94926 -0.00001
26 0.95023 0.95024 -0.00001
27 0.95116 0.95117 -0.00001
28 0.95204 0.95205 -0.00001
29 0.95287 0.95288 -0.00001
30 0.95367 0.95367 0.00000